Band Pass, Blackman
-55, -1.219616E-10
-54, 3.309494E-07
-53, 1.793905E-06
-52, 1.554762E-05
-51, -1.644885E-05
-50, -9.61777E-05
-49, -3.938239E-05
-48, 9.582166E-05
-47, 3.454665E-05
-46, 3.427945E-05
-45, 0.0003261784
-44, 0.0001709945
-43, -0.0005775039
-42, -0.000580123
-41, 0.0001508427
-40, 9.67794E-10
-39, -0.0002160401
-38, 0.001192492
-37, 0.00171125
-36, -0.0007354537
-35, -0.002056628
-34, -0.0003212267
-33, -0.0004901777
-32, -0.00211184
-31, 0.001396702
-30, 0.005773784
-29, 0.001803524
-28, -0.003523056
-27, -0.001057577
-26, -0.0008977497
-25, -0.007461781
-24, -0.003473829
-23, 0.01055984
-22, 0.009655213
-21, -0.002307072
-20, -6.858333E-09
-19, 0.002858819
-18, -0.01483507
-17, -0.02014425
-16, 0.008243834
-15, 0.02208912
-14, 0.003326984
-13, 0.004928463
-12, 0.02076122
-11, -0.01353242
-10, -0.05563165
-9, -0.01746389
-8, 0.03472136
-7, 0.01077694
-6, 0.009654269
-5, 0.08706479
-4, 0.04578275
-3, -0.1675345
-2, -0.2072244
-1, 0.08919248
0, 0.3
1, 0.08919248
2, -0.2072244
3, -0.1675345
4, 0.04578275
5, 0.08706479
6, 0.009654269
7, 0.01077694
8, 0.03472136
9, -0.01746389
10, -0.05563165
11, -0.01353242
12, 0.02076122
13, 0.004928463
14, 0.003326984
15, 0.02208912
16, 0.008243834
17, -0.02014425
18, -0.01483507
19, 0.002858819
20, -6.858333E-09
21, -0.002307072
22, 0.009655213
23, 0.01055984
24, -0.003473829
25, -0.007461781
26, -0.0008977497
27, -0.001057577
28, -0.003523056
29, 0.001803524
30, 0.005773784
31, 0.001396702
32, -0.00211184
33, -0.0004901777
34, -0.0003212267
35, -0.002056628
36, -0.0007354537
37, 0.00171125
38, 0.001192492
39, -0.0002160401
40, 9.67794E-10
41, 0.0001508427
42, -0.000580123
43, -0.0005775039
44, 0.0001709945
45, 0.0003261784
46, 3.427945E-05
47, 3.454665E-05
48, 9.582166E-05
49, -3.938239E-05
50, -9.61777E-05
51, -1.644885E-05
52, 1.554762E-05
53, 1.793905E-06
54, 3.309494E-07
55, -1.219616E-10
Band Pass, Blackman
-55, -1.219616E-10
-54, 3.309494E-07
-53, 1.793905E-06
-52, 1.554762E-05
-51, -1.644885E-05
-50, -9.61777E-05
-49, -3.938239E-05
-48, 9.582166E-05
-47, 3.454665E-05
-46, 3.427945E-05
-45, 0.0003261784
-44, 0.0001709945
-43, -0.0005775039
-42, -0.000580123
-41, 0.0001508427
-40, 9.67794E-10
-39, -0.0002160401
-38, 0.001192492
-37, 0.00171125
-36, -0.0007354537
-35, -0.002056628
-34, -0.0003212267
-33, -0.0004901777
-32, -0.00211184
-31, 0.001396702
-30, 0.005773784
-29, 0.001803524
-28, -0.003523056
-27, -0.001057577
-26, -0.0008977497
-25, -0.007461781
-24, -0.003473829
-23, 0.01055984
-22, 0.009655213
-21, -0.002307072
-20, -6.858333E-09
-19, 0.002858819
-18, -0.01483507
-17, -0.02014425
-16, 0.008243834
-15, 0.02208912
-14, 0.003326984
-13, 0.004928463
-12, 0.02076122
-11, -0.01353242
-10, -0.05563165
-9, -0.01746389
-8, 0.03472136
-7, 0.01077694
-6, 0.009654269
-5, 0.08706479
-4, 0.04578275
-3, -0.1675345
-2, -0.2072244
-1, 0.08919248
0, 0.3
1, 0.08919248
2, -0.2072244
3, -0.1675345
4, 0.04578275
5, 0.08706479
6, 0.009654269
7, 0.01077694
8, 0.03472136
9, -0.01746389
10, -0.05563165
11, -0.01353242
12, 0.02076122
13, 0.004928463
14, 0.003326984
15, 0.02208912
16, 0.008243834
17, -0.02014425
18, -0.01483507
19, 0.002858819
20, -6.858333E-09
21, -0.002307072
22, 0.009655213
23, 0.01055984
24, -0.003473829
25, -0.007461781
26, -0.0008977497
27, -0.001057577
28, -0.003523056
29, 0.001803524
30, 0.005773784
31, 0.001396702
32, -0.00211184
33, -0.0004901777
34, -0.0003212267
35, -0.002056628
36, -0.0007354537
37, 0.00171125
38, 0.001192492
39, -0.0002160401
40, 9.67794E-10
41, 0.0001508427
42, -0.000580123
43, -0.0005775039
44, 0.0001709945
45, 0.0003261784
46, 3.427945E-05
47, 3.454665E-05
48, 9.582166E-05
49, -3.938239E-05
50, -9.61777E-05
51, -1.644885E-05
52, 1.554762E-05
53, 1.793905E-06
54, 3.309494E-07
55, -1.219616E-10
Band Reject, Blackman
-55, 1.219615E-10
-54, -8.66428E-07
-53, 1.021766E-05
-52, 2.515656E-05
-51, -1.823384E-05
-50, -9.61777E-05
-49, -4.365539E-05
-48, 0.0001550427
-47, 0.0001967665
-46, -8.974555E-05
-45, -0.0003261786
-44, -0.0001056797
-43, 0.0002654495
-42, 0.0002215866
-41, -5.197697E-05
-40, 4.83897E-10
-39, 7.444218E-05
-38, -0.0004554928
-37, -0.0007865748
-36, 0.0004545379
-35, 0.002056627
-34, 0.0008409765
-33, -0.002791928
-32, -0.003417029
-31, 0.001548264
-30, 0.005773784
-29, 0.001999213
-28, -0.005700425
-27, -0.006023637
-26, 0.002350351
-25, 0.007461783
-24, 0.002146937
-23, -0.004853825
-22, -0.003687957
-21, 0.0007949639
-20, -3.429166E-09
-19, -0.0009850806
-18, 0.005666499
-17, 0.009259291
-16, -0.005094982
-15, -0.02208912
-14, -0.008710135
-13, 0.02807119
-12, 0.03359235
-11, -0.01500084
-10, -0.05563165
-9, -0.01935884
-8, 0.05618034
-7, 0.06138233
-6, -0.02527524
-5, -0.08706479
-4, -0.02829528
-3, 0.07700714
-2, 0.07915266
-1, -0.03073363
0, 0.9
1, -0.03073363
2, 0.07915266
3, 0.07700714
4, -0.02829528
5, -0.08706479
6, -0.02527524
7, 0.06138233
8, 0.05618034
9, -0.01935884
10, -0.05563165
11, -0.01500084
12, 0.03359235
13, 0.02807119
14, -0.008710135
15, -0.02208912
16, -0.005094982
17, 0.009259291
18, 0.005666499
19, -0.0009850806
20, -3.429166E-09
21, 0.0007949639
22, -0.003687957
23, -0.004853825
24, 0.002146937
25, 0.007461783
26, 0.002350351
27, -0.006023637
28, -0.005700425
29, 0.001999213
30, 0.005773784
31, 0.001548264
32, -0.003417029
33, -0.002791928
34, 0.0008409765
35, 0.002056627
36, 0.0004545379
37, -0.0007865748
38, -0.0004554928
39, 7.444218E-05
40, 4.83897E-10
41, -5.197697E-05
42, 0.0002215866
43, 0.0002654495
44, -0.0001056797
45, -0.0003261786
46, -8.974555E-05
47, 0.0001967665
48, 0.0001550427
49, -4.365539E-05
50, -9.61777E-05
51, -1.823384E-05
52, 2.515656E-05
53, 1.021766E-05
54, -8.66428E-07
55, 1.219615E-10
Band Reject, Blackman
-55, 1.219615E-10
-54, -8.66428E-07
-53, 1.021766E-05
-52, 2.515656E-05
-51, -1.823384E-05
-50, -9.61777E-05
-49, -4.365539E-05
-48, 0.0001550427
-47, 0.0001967665
-46, -8.974555E-05
-45, -0.0003261786
-44, -0.0001056797
-43, 0.0002654495
-42, 0.0002215866
-41, -5.197697E-05
-40, 4.83897E-10
-39, 7.444218E-05
-38, -0.0004554928
-37, -0.0007865748
-36, 0.0004545379
-35, 0.002056627
-34, 0.0008409765
-33, -0.002791928
-32, -0.003417029
-31, 0.001548264
-30, 0.005773784
-29, 0.001999213
-28, -0.005700425
-27, -0.006023637
-26, 0.002350351
-25, 0.007461783
-24, 0.002146937
-23, -0.004853825
-22, -0.003687957
-21, 0.0007949639
-20, -3.429166E-09
-19, -0.0009850806
-18, 0.005666499
-17, 0.009259291
-16, -0.005094982
-15, -0.02208912
-14, -0.008710135
-13, 0.02807119
-12, 0.03359235
-11, -0.01500084
-10, -0.05563165
-9, -0.01935884
-8, 0.05618034
-7, 0.06138233
-6, -0.02527524
-5, -0.08706479
-4, -0.02829528
-3, 0.07700714
-2, 0.07915266
-1, -0.03073363
0, 0.9
1, -0.03073363
2, 0.07915266
3, 0.07700714
4, -0.02829528
5, -0.08706479
6, -0.02527524
7, 0.06138233
8, 0.05618034
9, -0.01935884
10, -0.05563165
11, -0.01500084
12, 0.03359235
13, 0.02807119
14, -0.008710135
15, -0.02208912
16, -0.005094982
17, 0.009259291
18, 0.005666499
19, -0.0009850806
20, -3.429166E-09
21, 0.0007949639
22, -0.003687957
23, -0.004853825
24, 0.002146937
25, 0.007461783
26, 0.002350351
27, -0.006023637
28, -0.005700425
29, 0.001999213
30, 0.005773784
31, 0.001548264
32, -0.003417029
33, -0.002791928
34, 0.0008409765
35, 0.002056627
36, 0.0004545379
37, -0.0007865748
38, -0.0004554928
39, 7.444218E-05
40, 4.83897E-10
41, -5.197697E-05
42, 0.0002215866
43, 0.0002654495
44, -0.0001056797
45, -0.0003261786
46, -8.974555E-05
47, 0.0001967665
48, 0.0001550427
49, -4.365539E-05
50, -9.61777E-05
51, -1.823384E-05
52, 2.515656E-05
53, 1.021766E-05
54, -8.66428E-07
55, 1.219615E-10
HighPass, Blackman
-44, -7.622589E-11
-43, 3.337152E-06
-42, 5.361773E-06
-41, -1.810322E-05
-40, -6.011111E-05
-39, -5.434579E-05
-38, 5.633109E-05
-37, 0.0002059782
-36, 0.0002038617
-35, -7.499447E-05
-34, -0.0004628334
-33, -0.0005329119
-32, 9.889386E-19
-31, 0.0008351678
-30, 0.001141485
-29, 0.0002936311
-28, -0.001285392
-27, -0.002136884
-26, -0.0009924551
-25, 0.001704395
-24, 0.003608615
-23, 0.002346211
-22, -0.001882548
-21, -0.005596947
-20, -0.004663616
-19, 0.001482249
-18, 0.008063771
-17, 0.008317831
-16, -7.008178E-18
-15, -0.01087549
-14, -0.01380259
-13, -0.00332995
-12, 0.0138057
-11, 0.0219544
-10, 0.00985775
-9, -0.01656059
-8, -0.03476978
-7, -0.02278984
-6, 0.0188241
-5, 0.05925028
-4, 0.0544155
-3, -0.02031355
-2, -0.1458152
-1, -0.2641123
0, 0.6875
1, -0.2641123
2, -0.1458152
3, -0.02031355
4, 0.0544155
5, 0.05925028
6, 0.0188241
7, -0.02278984
8, -0.03476978
9, -0.01656059
10, 0.00985775
11, 0.0219544
12, 0.0138057
13, -0.00332995
14, -0.01380259
15, -0.01087549
16, -7.008178E-18
17, 0.008317831
18, 0.008063771
19, 0.001482249
20, -0.004663616
21, -0.005596947
22, -0.001882548
23, 0.002346211
24, 0.003608615
25, 0.001704395
26, -0.0009924551
27, -0.002136884
28, -0.001285392
29, 0.0002936311
30, 0.001141485
31, 0.0008351678
32, 9.889386E-19
33, -0.0005329119
34, -0.0004628334
35, -7.499447E-05
36, 0.0002038617
37, 0.0002059782
38, 5.633109E-05
39, -5.434579E-05
40, -6.011111E-05
41, -1.810322E-05
42, 5.361773E-06
43, 3.337152E-06
44, -7.622589E-11
HighPass, Blackman
-44, -7.622589E-11
-43, 3.337152E-06
-42, 5.361773E-06
-41, -1.810322E-05
-40, -6.011111E-05
-39, -5.434579E-05
-38, 5.633109E-05
-37, 0.0002059782
-36, 0.0002038617
-35, -7.499447E-05
-34, -0.0004628334
-33, -0.0005329119
-32, 9.889386E-19
-31, 0.0008351678
-30, 0.001141485
-29, 0.0002936311
-28, -0.001285392
-27, -0.002136884
-26, -0.0009924551
-25, 0.001704395
-24, 0.003608615
-23, 0.002346211
-22, -0.001882548
-21, -0.005596947
-20, -0.004663616
-19, 0.001482249
-18, 0.008063771
-17, 0.008317831
-16, -7.008178E-18
-15, -0.01087549
-14, -0.01380259
-13, -0.00332995
-12, 0.0138057
-11, 0.0219544
-10, 0.00985775
-9, -0.01656059
-8, -0.03476978
-7, -0.02278984
-6, 0.0188241
-5, 0.05925028
-4, 0.0544155
-3, -0.02031355
-2, -0.1458152
-1, -0.2641123
0, 0.6875
1, -0.2641123
2, -0.1458152
3, -0.02031355
4, 0.0544155
5, 0.05925028
6, 0.0188241
7, -0.02278984
8, -0.03476978
9, -0.01656059
10, 0.00985775
11, 0.0219544
12, 0.0138057
13, -0.00332995
14, -0.01380259
15, -0.01087549
16, -7.008178E-18
17, 0.008317831
18, 0.008063771
19, 0.001482249
20, -0.004663616
21, -0.005596947
22, -0.001882548
23, 0.002346211
24, 0.003608615
25, 0.001704395
26, -0.0009924551
27, -0.002136884
28, -0.001285392
29, 0.0002936311
30, 0.001141485
31, 0.0008351678
32, 9.889386E-19
33, -0.0005329119
34, -0.0004628334
35, -7.499447E-05
36, 0.0002038617
37, 0.0002059782
38, 5.633109E-05
39, -5.434579E-05
40, -6.011111E-05
41, -1.810322E-05
42, 5.361773E-06
43, 3.337152E-06
44, -7.622589E-11
LowPass, Hamming
-26, -0.0009139995
-25, 0.0002167359
-24, 0.001327028
-23, 0.000321385
-22, -0.001923817
-21, -0.001468365
-20, 0.00236273
-19, 0.003484657
-18, -0.001992581
-17, -0.006283724
-16, 6.69667E-18
-15, 0.009266946
-14, 0.004343064
-13, -0.01127129
-12, -0.01140246
-11, 0.01063071
-10, 0.0209644
-9, -0.005258313
-8, -0.03215608
-7, -0.007544981
-6, 0.04354615
-5, 0.0325932
-4, -0.05341364
-3, -0.08568204
-2, 0.06012214
-1, 0.3111857
0, 0.4375
1, 0.3111857
2, 0.06012214
3, -0.08568204
4, -0.05341364
5, 0.0325932
6, 0.04354615
7, -0.007544981
8, -0.03215608
9, -0.005258313
10, 0.0209644
11, 0.01063071
12, -0.01140246
13, -0.01127129
14, 0.004343064
15, 0.009266946
16, 6.69667E-18
17, -0.006283724
18, -0.001992581
19, 0.003484657
20, 0.00236273
21, -0.001468365
22, -0.001923817
23, 0.000321385
24, 0.001327028
25, 0.0002167359
26, -0.0009139995
LowPass, Hamming
-26, -0.0009139995
-25, 0.0002167359
-24, 0.001327028
-23, 0.000321385
-22, -0.001923817
-21, -0.001468365
-20, 0.00236273
-19, 0.003484657
-18, -0.001992581
-17, -0.006283724
-16, 6.69667E-18
-15, 0.009266946
-14, 0.004343064
-13, -0.01127129
-12, -0.01140246
-11, 0.01063071
-10, 0.0209644
-9, -0.005258313
-8, -0.03215608
-7, -0.007544981
-6, 0.04354615
-5, 0.0325932
-4, -0.05341364
-3, -0.08568204
-2, 0.06012214
-1, 0.3111857
0, 0.4375
1, 0.3111857
2, 0.06012214
3, -0.08568204
4, -0.05341364
5, 0.0325932
6, 0.04354615
7, -0.007544981
8, -0.03215608
9, -0.005258313
10, 0.0209644
11, 0.01063071
12, -0.01140246
13, -0.01127129
14, 0.004343064
15, 0.009266946
16, 6.69667E-18
17, -0.006283724
18, -0.001992581
19, 0.003484657
20, 0.00236273
21, -0.001468365
22, -0.001923817
23, 0.000321385
24, 0.001327028
25, 0.0002167359
26, -0.0009139995
